"V1" "V2" "V3" "V4" "V5" "V6" "V7" "V8" "V9" "V10" "V11" "V12" "V13" "V14" "V15" "V16" "V17" "V18" "V19" "V20" "V21" "V22" "V23" "V24" "V25" "V26" "V27" "V28" "V29" "V30" "V31" "V32" "V33" "V34" "V35" "V36" "V37" "V38" "V39" "V40" "V41" "V42" "V43" "V44" "V45" "V46" "V47" "V48" "V49" "V50" "V51" "V52" "V53" "V54" "V55" "V56" "V57"
267.0291 274.5283 282.2087 290.0532 298.0345 306.1125 314.2315 322.3175 330.2755 337.9871 345.3094 352.0747 358.092 363.1519 367.0331 369.5135 370.3831 369.4601 366.6067 361.7448 354.8673 346.0436 335.4193 323.2071 309.6726 295.1153 279.8484 264.1793 248.3936 232.7433 217.44 202.6517 188.5044 175.0853 162.4476 150.6165 139.5947 129.3675 119.9078 111.1799 103.1424 95.7511 88.9606 82.726 77.0034 71.7509 66.9292 62.5013 58.433 54.6928 51.2516 48.083 45.1628 42.469 39.9817 37.6828 35.5557
265.7156 273.2662 281.004 288.9126 296.9656 305.1235 313.3308 321.5133 329.5753 337.3968 344.8322 351.7099 357.8343 362.9896 366.948 369.4799 370.3684 369.4256 366.51 361.5422 354.5171 345.5097 334.6741 322.2335 308.4652 293.6803 278.202 262.346 246.4034 230.6293 215.2359 200.3902 186.2155 172.7956 160.1799 148.3895 137.4232 127.2629 117.8784 109.2311 101.2777 93.972 87.2673 81.1172 75.4774 70.3051 65.5606 61.2067 57.209 53.5357 50.158 47.0494 44.1859 41.5454 39.1083 36.8566 34.7738
264.6124 272.2201 280.0199 287.9961 296.1222 304.3591 312.6511 320.9236 329.0798 336.998 344.5305 351.5025 357.7144 362.9461 366.9645 369.535 370.436 369.476 366.5112 361.4626 354.3274 345.1856 334.198 321.5962 307.666 292.7263 277.1075 261.1301 245.0888 229.24 213.7956 198.9213 184.7381 171.3271 158.7347 146.9792 136.0567 125.9467 116.6169 108.0271 100.1323 92.8855 86.2389 80.1456 74.5607 69.4412 64.7471 60.4411 56.4886 52.8581 49.5207 46.45 43.6219 41.0147 38.6087 36.386 34.3305
263.5284 271.1937 279.0552 287.0971 295.2931 303.6035 311.9725 320.3246 328.5619 336.5615 344.1735 351.2211 357.5019 362.7927 366.8572 369.4578 370.3705 369.4021 366.4086 361.3116 354.1113 344.8914 333.8175 321.1266 307.1098 292.0908 276.4034 260.3708 244.2887 228.4136 212.9567 198.0823 183.9098 170.5181 157.9518 146.2275 135.3397 125.2666 115.9748 107.4231 99.5661 92.3559 85.7447 79.6852 74.1322 69.043 64.3772 60.0977 56.1699 52.5624 49.2463 46.1954 43.3856 40.7954 38.4051 36.1969 34.1547
262.5259 270.2526 278.1797 286.2915 294.5616 302.9501 311.4005 319.8368 328.1598 336.2451 343.9408 351.0675 357.4198 362.7712 366.8822 369.5119 370.4335 369.4522 366.4234 361.2702 353.9951 344.6864 333.515 320.7236 306.6089 291.4997 275.7338 259.6369 243.5061 227.598 212.1229 197.2438 183.0779 169.7025 157.1599 145.465 134.6105 124.5733 115.3187 106.8048 98.9851 91.8116 85.2357 79.2101 73.6894 68.6305 63.9934 59.7407 55.838 52.2538 48.9594 45.9286 43.1375 40.5645 38.1902 35.9969 33.9684
261.4209 269.2074 277.1986 285.3789 293.7219 302.1873 310.7184 319.2382 327.6466 335.8176 343.5972 350.8037 357.2287 362.6424 366.8019 369.4631 370.3964 369.4051 366.3444 361.1383 353.7923 344.3987 333.1336 320.2457 306.0373 290.8422 275.0019 258.8448 242.6692 226.7318 211.2421 196.3615 182.2055 168.849 156.3328 144.6695 133.8505 123.8511 114.6355 106.1608 98.3801 91.2445 84.7052 78.7145 73.227 68.1996 63.5919 59.3668 55.4899 51.9297 48.6577 45.6476 42.8757 40.3207 37.9629 35.7848 33.7705
260.3372 268.1856 276.2432 284.4945 292.9129 301.4581 310.0728 318.6791 327.176 335.4357 343.3024 350.5914 357.0915 362.5693 366.7783 369.471 370.4149 369.4115 366.3155 361.0519 353.6293 344.1444 332.779 319.7877 305.4788 290.1913 274.2709 258.0486 241.824 225.8538 210.3468 195.4625 181.3147 167.9762 155.4855 143.8535 133.0698 123.1082 113.9318 105.4967 97.7553 90.658 84.1558 78.2007 72.7469 67.7514 63.1738 58.9768 55.1263 51.5907 48.3415 45.3526 42.6005 40.0638 37.723 35.5606 33.5609
259.2153 267.1259 275.2505 283.5734 292.0681 300.694 309.3934 318.0877 326.6746 335.0249 342.9804 350.3539 356.931 362.4747 366.7349 369.4603 370.4156 369.4003 366.2685 360.9466 353.446 343.868 332.4002 319.3035 304.8923 289.5108 273.5091 257.2207 240.9465 224.9434 209.4191 194.5316 180.3926 167.0728 154.6085 143.0088 132.2613 122.3385 113.2024 104.8079 97.1067 90.0488 83.5846 77.6659 72.2468 67.284 62.7372 58.5692 54.7457 51.2353 48.0096 45.0427 42.3109 39.793 37.4697 35.3236 33.3389
258.0569 266.0302 274.2223 282.6175 291.1894 299.8972 308.6826 317.4664 326.145 334.5876 342.634 350.0942 356.7503 362.3619 366.6748 369.4343 370.4018 369.3747 366.2066 360.8252 353.2448 343.5716 331.999 318.7944 304.2785 288.8012 272.7163 256.3606 240.0361 223.9997 208.4582 193.5677 179.4381 166.1377 153.7007 142.1341 131.4239 121.5411 112.4462 104.0934 96.4334 89.4159 82.9906 77.1093 71.7257 66.7965 62.2814 58.1431 54.3473 50.863 47.6615 44.717 42.0062 39.5077 37.2025 35.0731 33.1041
256.8639 264.9004 273.1606 281.629 290.2791 299.0699 307.9427 316.8176 325.5899 334.1269 342.2663 349.8153 356.5527 362.2342 366.6017 369.3964 370.3767 369.3379 366.1327 360.6902 353.028 343.2569 331.5767 318.2614 303.6381 288.0623 271.8924 255.4678 239.0919 223.0217 207.4626 192.5695 178.4496 165.1693 152.7604 141.228 130.5561 120.7142 111.6617 103.3517 95.7341 88.7579 82.3727 76.5297 71.1826 66.288 61.8054 57.6976 53.9305 50.4729 47.2963 44.375 41.6858 39.2074 36.9208 34.8088 32.8558
255.6958 263.7979 272.1288 280.6732 289.4046 298.2817 307.2454 316.215 325.0845 333.7197 341.9558 349.597 356.4186 362.1722 366.5955 369.4257 370.4175 369.3641 366.1176 360.6082 352.857 342.9802 331.1838 317.7491 303.01 287.328 271.0661 254.5666 238.1343 222.026 206.4464 191.5481 177.4363 164.1749 151.7936 140.2951 129.6615 119.8609 110.8512 102.5845 95.01 88.076 81.7316 75.9277 70.6179 65.7586 61.3093 57.2328 53.4951 50.0649 46.9139 44.0165 41.3495 38.8918 36.6245 34.5303 32.594
254.4384 262.6049 271.0055 279.6251 288.437 297.3999 306.4543 315.5187 324.486 333.2202 341.5542 349.2892 356.1969 362.0249 366.5064 369.3745 370.3804 369.3147 366.0289 360.4545 352.616 342.6348 330.7236 317.1707 302.3173 286.5307 270.1785 253.6061 237.1196 220.9757 205.3778 190.4768 176.3756 163.1356 150.7842 139.3217 128.7287 118.9713 110.0064 101.7848 94.255 87.3647 81.0626 75.2993 70.0281 65.2053 60.7905 56.7465 53.039 49.6372 46.5128 43.6401 40.9961 38.5598 36.3124 34.2368 32.3178
253.2083 261.4418 269.915 278.6127 287.5085 296.5607 305.7096 314.8728 323.9419 332.7792 341.2151 349.0476 356.0447 361.9495 366.4907 369.3969 370.4154 369.3343 366.0043 360.3584 352.4246 342.33 330.2944 316.6138 301.6366 285.7367 269.2866 252.6346 236.0883 219.9043 204.2848 189.3786 175.2863 162.0666 149.7445 138.318 127.7657 118.0521 109.1325 100.9568 93.4726 86.627 80.368 74.6462 69.4145 64.6292 60.2498 56.239 52.5628 49.1902 46.0931 43.2459 40.6256 38.2115 35.9847 33.9283 32.027
251.8939 260.1935 268.7384 277.5137 286.4928 295.6342 304.8776 314.14 323.3117 332.2533 340.7927 348.7247 355.8134 361.7976 366.4012 369.3479 370.3814 369.2869 365.9143 360.1979 352.1694 341.9618 329.8019 315.9936 300.893 284.8803 268.333 251.6027 234.9981 218.7759 203.1369 188.2277 174.1466 160.9496 148.659 137.2708 126.7615 117.0937 108.2215 100.0937 92.6569 85.8576 79.6435 73.9647 68.774 64.0275 59.6848 55.7085 52.0646 48.7223 45.6534 42.8326 40.2369 37.8457 35.6403 33.6038 31.7211
250.6093 258.9778 267.5974 276.4535 285.5195 294.7539 304.096 313.4619 322.7407 331.7912 340.4385 348.4743 355.6583 361.7247 366.3922 369.3797 370.4265 369.3151 365.8943 360.1 351.9678 341.637 329.3421 315.3952 300.1606 284.0255 267.3725 250.5565 233.8877 217.6225 201.9603 187.0457 172.974 159.7987 147.5394 136.1895 125.7235 116.1023 107.2783 99.1993 91.811 85.0591 78.891 73.2563 68.1077 63.4012 59.0961 55.1553 51.5448 48.2336 45.1939 42.4004 39.8301 37.4626 35.2793 33.2634 31.3999
249.2457 257.6822 266.3759 275.3124 284.4652 293.7927 303.2338 312.704 322.0912 331.2521 340.0095 348.1514 355.4335 361.5849 366.3192 369.3501 370.4125 369.2856 365.8176 359.9456 351.7093 341.2543 328.8231 314.7365 299.3669 283.1087 266.3498 249.4485 232.7164 216.4096 200.726 185.8078 171.7478 158.5965 146.3708 135.0617 124.6413 115.0688 106.2953 98.2672 90.9293 84.2269 78.1065 72.5176 67.4127 62.7476 58.4816 54.5776 51.0016 47.7228 44.7134 41.9481 39.4042 37.0613 34.9009 32.9064 31.0628
247.8605 256.3663 265.1355 274.154 283.3955 292.8184 302.3611 311.9385 321.4373 330.7121 339.5831 347.8348 355.2185 361.458 366.2615 369.3373 370.4153 369.2718 365.7536 359.7994 351.4534 340.8675 328.2929 314.0593 298.5479 282.1605 265.2907 248.3001 231.5016 215.1512 199.445 184.5231 170.475 157.3484 145.1574 133.8904 123.5172 113.9952 105.2738 97.2983 90.0127 83.3612 77.2902 71.7487 66.6889 62.0667 57.8411 53.9752 50.4349 47.1896 44.2115 41.4755 38.959 36.6416 34.505 32.5326 30.7097
246.4029 254.9773 263.8217 272.9221 282.2525 291.7711 301.4162 311.1021 320.7141 330.105 339.0922 347.4567 354.9451 361.276 366.1518 369.2751 370.3709 369.2119 365.6436 359.6065 351.1488 340.4297 327.7088 313.3255 297.6698 281.1512 264.1691 247.0885 230.2239 213.8306 198.1033 183.1792 169.1451 156.0456 143.8918 132.6694 122.3459 112.8768 104.2099 96.2893 89.058 82.4596 76.4399 70.9476 65.9348 61.357 57.1734 53.347 49.8438 46.6332 43.6876 40.982 38.4938 36.2029 34.091 32.1417 30.3402
244.9813 253.6276 262.5507 271.7369 281.1603 290.7793 300.5318 310.3314 320.0621 329.5748 338.6839 347.1664 354.7642 361.1902 366.1405 369.3116 370.4231 369.2439 365.6184 359.4885 350.9074 340.0418 327.1607 312.6136 296.8003 280.1386 263.0336 245.8543 228.9165 212.4751 196.7228 181.7941 167.7727 154.6997 142.5831 131.4058 121.133 111.718 103.107 95.2429 88.0675 81.5238 75.557 70.1155 65.151 60.6191 56.479 52.6933 49.2285 46.0539 43.1419 40.4677 38.0089 35.7453 33.659 31.7335 29.9544
243.4411 252.1572 261.157 270.4272 279.9422 289.6604 299.5197 309.4327 319.2826 328.9182 338.1509 346.754 354.4644 360.9891 366.0179 369.2407 370.3716 369.1756 365.4954 359.2747 350.5715 339.5601 326.5192 311.8088 295.8387 279.0348 261.8088 244.5331 227.5249 211.0386 195.2649 180.3354 166.3305 153.2878 141.2123 130.084 119.8654 110.5079 101.9561 94.1514 87.0347 80.5483 74.6369 69.2484 64.3344 59.8503 55.7553 52.0122 48.5872 45.45 42.573 39.9315 37.5032 35.2681 33.2083 31.3077 29.5517
241.9408 250.7302 259.8105 269.1689 278.7802 288.6027 298.5741 308.6066 318.5818 328.3465 337.7093 346.439 354.2673 360.895 366.0047 369.2797 370.4277 369.2096 365.4665 359.1438 350.3048 339.1324 325.9159 311.0263 294.8842 277.9248 260.5661 243.1844 226.0984 209.5617 193.7627 178.8301 164.8404 151.8279 139.7939 128.7154 118.5524 109.2541 100.7631 93.0197 85.9636 79.5364 73.6821 68.3484 63.4867 59.0521 55.0038 51.3046 47.921 44.8224 41.9816 39.3739 36.9772 34.7717 32.7394 30.8645 29.1324
240.3301 249.191 258.3502 267.7955 277.5019 287.428 297.5114 307.6637 317.7653 327.6611 337.1564 346.016 353.966 360.7008 365.8959 369.2271 370.3958 369.1581 365.3535 358.9292 349.9539 338.619 325.2249 310.1544 293.8392 276.7237 259.2326 241.7461 224.5843 207.9999 192.1791 177.2469 163.2764 150.2981 138.3097 127.2851 117.1815 107.946 99.5194 91.8405 84.8481 78.4829 72.6885 67.4121 62.6048 58.2218 54.2222 50.5688 47.2281 44.1698 41.3666 38.794 36.4302 34.2553 32.2516 30.4034 28.6962
238.7141 247.6483 256.8888 266.4236 276.2283 286.2615 296.461 306.7376 316.9708 327.0031 336.6367 345.632 353.7093 360.5561 365.84 369.2291 370.4178 369.1573 365.2852 358.7503 349.6276 338.1178 324.533 309.2686 292.7681 275.4858 257.8536 240.2558 223.0134 206.3783 190.5341 175.6022 161.6517 148.709 136.7681 125.7997 115.7581 106.588 98.2284 90.6167 83.6905 77.3898 71.6575 66.4406 61.6899 57.3605 53.4113 49.8054 46.5093 43.4926 40.7285 38.1924 35.8626 33.7194 31.7454 29.9248 28.2434
236.9977 246.0039 255.3243 264.9477 274.8499 284.9903 295.3062 305.7083 316.0748 326.2462 336.0216 345.1567 353.366 360.3296 365.7071 369.1584 370.3703 369.0888 365.1491 358.5023 349.2292 337.5404 323.7604 308.2978 291.6085 274.157 256.3824 238.6731 221.3515 204.668 188.8034 173.8755 159.949 147.0462 135.1573 124.2493 114.2739 105.1732 96.8845 89.3435 82.4869 76.2537 70.5865 65.4317 60.7401 56.4665 52.5699 49.0135 45.7636 42.7903 40.0667 37.5685 35.274 33.1638 31.2205 29.4285 27.7739
235.2829 244.3633 253.7664 263.4814 273.4849 283.7364 294.1736 304.7065 315.2123 325.5293 335.4532 344.735 353.0827 360.1688 365.644 369.1592 370.3933 369.0864 365.0716 358.3018 348.8647 336.9816 322.9904 307.3139 290.4213 272.7881 254.8611 237.0328 219.6265 202.8915 187.0052 172.0813 158.18 145.3191 133.4846 122.6399 112.7337 103.7055 95.4907 88.0235 81.2394 75.0766 69.477 64.3868 59.7565 55.5408 51.6989 48.1937 44.9919 42.0635 39.3819 36.9229 34.6649 32.5889 30.6774 28.9151 27.2881
233.5246 242.68 252.1667 261.9749 272.0815 282.4467 293.0083 303.6759 314.3255 324.7934 334.8719 344.3067 352.7993 360.0137 365.5915 369.1738 370.431 369.0967 365.0015 358.1008 348.4892 336.3999 322.1848 306.2823 289.1757 271.3518 253.2656 235.3137 217.8205 201.0334 185.1263 170.2085 156.3353 143.5197 131.7434 120.9661 111.133 102.1813 94.0442 86.6543 79.946 73.8567 68.3277 63.3049 58.7384 54.583 50.7978 47.3458 44.1939 41.3122 38.6741 36.2557 34.0356 31.9949 30.1163 28.3847 26.7864
231.6814 240.9107 250.4805 260.3815 270.5916 281.0713 291.7587 302.5634 313.3602 323.9832 334.2213 343.815 352.4586 359.8077 365.4938 369.1477 370.4304 369.0689 364.8908 357.8538 348.0604 335.7559 321.3078 305.1704 287.8421 269.8219 251.5727 233.4957 215.9158 199.0785 183.1539 168.2463 154.4058 141.6405 129.9275 119.2225 109.4675 100.5969 92.5419 85.2335 78.6049 72.5926 67.1375 62.185 57.6851 53.5926 49.8664 46.4698 43.3696 40.5363 37.9433 35.567 33.3862 31.382 29.5375 27.8377 26.2689
229.7599 239.0625 248.7151 258.709 269.0231 279.6185 290.4338 301.3783 312.3261 323.1091 333.5125 343.2716 352.0733 359.564 365.3644 369.0945 370.4052 369.0158 364.7512 357.5713 347.5869 335.0565 320.364 303.9812 286.4222 268.1986 249.782 231.5777 213.9111 197.0254 181.0863 166.1931 152.3902 139.6804 128.036 117.4086 107.7368 98.9522 90.9838 83.7612 77.2162 71.2847 65.9068 61.0277 56.5972 52.57 48.9052 45.566 42.5195 39.7364 37.1902 34.8574 32.7172 30.7509 28.9416 27.2745 25.7363
227.8112 237.1885 246.9255 257.0147 267.4357 278.1505 289.0981 300.1879 311.2929 322.2432 332.82 342.7529 351.7212 359.3611 365.282 369.0918 370.4303 369.009 364.6492 357.3138 347.1225 334.3484 319.3932 302.7475 284.9425 266.5031 247.9099 229.5723 211.816 194.8813 178.9293 164.0532 150.2917 137.6419 126.0709 115.526 105.9422 97.2483 89.3711 82.2384 75.781 69.9338 64.6364 59.8337 55.4754 51.5161 47.915 44.6354 41.6446 38.9133 36.4155 34.1278 32.0295 30.1022 28.3292 26.696 25.1892
225.753 235.203 245.0229 255.2061 265.7333 276.5676 287.6485 298.8856 310.1512 321.2732 332.0292 342.1431 351.2857 359.0828 365.1318 369.0273 370.3976 368.945 364.4874 356.9904 346.5836 333.5555 318.3271 301.4089 283.35 264.6896 245.9173 227.4465 209.6029 192.6233 176.6638 161.8112 148.0979 135.515 124.0243 113.5685 104.079 95.4816 87.7009 80.6631 74.2977 68.5388 63.3257 58.6028 54.3197 50.4311 46.8961 43.6783 40.7452 38.0676 35.6198 33.3786 31.3236 29.4365 27.701 26.1026 24.6283
223.6373 233.1601 243.0633 253.3416 263.9768 274.9331 286.1509 297.54 308.972 320.2729 331.2165 341.5204 350.8468 358.8103 364.9947 368.9811 370.3844 368.8975 364.3341 356.6632 346.025 332.725 317.2052 299.9976 281.6708 262.7786 243.82 225.2124 207.281 190.2587 174.2954 159.4715 145.8124 133.3026 121.8986 111.5381 102.1489 93.6537 85.9748 79.0367 72.7677 67.1013 61.9761 57.3363 53.1314 49.3161 45.8496 42.6959 39.8223 37.2003 34.8041 32.6109 30.6005 28.7548 27.0579 25.4952 24.0542
221.4708 231.0668 241.0543 251.4292 262.1746 273.256 284.6148 296.1613 307.7666 319.2545 330.395 340.8992 350.4199 358.5596 364.8879 368.9702 370.4074 368.882 364.2033 356.3437 345.4554 331.8629 316.0308 298.5147 279.9039 260.7679 241.6152 222.867 204.8472 187.7844 171.8217 157.0321 143.4335 131.0038 119.6932 109.4348 100.1522 91.765 84.1934 77.36 71.1921 65.6223 60.5887 56.0353 51.9116 48.1723 44.7769 41.6892 38.8773 36.3125 33.9695 31.8257 29.8612 28.0582 26.4007 24.8749 23.468
219.2199 228.8881 238.9593 249.4308 260.2872 271.4954 282.9981 294.7062 306.4904 318.1729 329.5192 340.2339 349.96 358.2867 364.7681 368.953 370.4268 368.8603 364.0582 355.9969 344.8417 330.9376 314.7745 296.933 278.0246 258.6355 239.2836 220.3937 202.2878 185.1891 169.2335 154.4858 140.9558 128.6143 117.4052 107.2564 98.0875 89.815 82.3566 75.6334 69.5714 64.1024 59.1643 54.7008 50.6614 47.0009 43.6789 40.6596 37.9112 35.4054 33.1172 31.0242 29.1068 27.3475 25.7307 24.2425 22.8706
216.8547 226.5927 236.7457 247.3123 258.279 269.6144 281.2626 293.1354 305.1035 316.9872 328.5481 339.4837 349.4264 357.9519 364.5971 368.8927 370.4071 368.7985 363.8664 355.5916 344.1539 329.9208 313.4093 295.2276 276.0105 256.3612 236.8077 217.7776 199.5904 182.4629 166.523 151.8264 138.3748 126.1309 115.0323 105.0017 95.9543 87.8036 80.4648 73.8574 67.9063 62.5428 57.7042 53.3342 49.3822 45.8032 42.5572 39.6084 36.9255 34.4804 32.2484 30.2076 28.3386 26.624 25.0488 23.5991 22.263
214.3878 224.1937 234.4268 245.0877 256.1647 267.6284 279.4245 291.4661 303.624 315.717 327.5025 338.6708 348.8432 357.5802 364.4006 368.8152 370.3737 368.7204 363.6491 355.1457 343.406 328.8226 311.9419 293.4019 273.8624 253.9447 234.1863 215.0172 196.7534 179.6046 163.6893 149.0539 135.6907 123.5544 112.5758 102.6721 93.7543 85.7325 78.5198 72.034 66.1991 60.9456 56.2105 51.9374 48.0759 44.5812 41.4134 38.5373 35.9217 33.539 31.3647 29.3773 27.5578 25.8891 24.3562 22.9459 21.6463
211.869 221.7429 232.0571 242.8139 254.0038 265.5995 277.549 289.7666 302.1236 314.4372 326.4607 337.8765 348.294 357.2573 364.2651 368.8062 370.4097 368.7044 363.4783 354.7232 342.6532 327.6886 310.4092 291.485 271.6031 251.4033 231.4328 212.123 193.7853 176.6211 160.7387 146.1736 132.9085 120.8894 110.0401 100.2718 91.4913 83.6056 76.5254 70.1668 64.453 59.3137 54.686 50.5132 46.7452 43.3373 40.2501 37.4486 34.902 32.5831 30.4679 28.5351 26.7661 25.1441 23.6545 22.2843 21.0218
209.1984 219.136 229.5272 240.3766 251.6769 263.4034 275.5065 287.9026 300.4634 313.0051 325.2768 336.9529 347.6303 356.8353 364.0449 368.7238 370.3784 368.6208 363.232 354.2108 341.7913 326.4251 308.7276 289.404 269.1698 248.6841 228.5032 209.0593 190.6578 173.4903 157.6539 143.1727 130.0187 118.1291 107.4203 97.7977 89.1638 81.4222 74.4814 68.2563 62.6689 57.6486 53.1321 49.0631 45.3916 42.0731 39.0686 36.3437 33.8678 31.6143 29.5594 27.6824 25.9648 24.3904 22.9448 21.6153 20.3905
206.4651 216.4659 226.9344 237.8774 249.2903 261.1514 273.4138 285.996 298.771 311.5537 324.0893 336.0434 346.9994 356.4641 363.8905 368.7167 370.4237 368.6048 363.0344 353.719 340.9163 325.1126 306.9633 287.212 266.6048 245.8205 225.4243 205.8475 187.3881 170.2266 154.4472 140.0616 127.0306 115.2819 104.724 95.2567 86.7778 79.1878 72.3931 66.3072 60.8511 55.9541 51.5527 47.5907 44.0183 40.7916 37.872 35.2253 32.8217 30.6348 28.6413 26.821 25.1558 23.6297 22.2287 20.9405 19.7539
203.8514 213.9229 224.476 235.5191 247.0496 259.0476 271.4677 284.2297 297.2064 310.2108 322.9836 335.1828 346.3797 356.0656 363.6742 368.6234 370.376 368.5134 362.8075 353.2744 340.1926 324.0767 305.6131 285.5729 264.7232 243.7547 223.2363 203.5963 185.1254 167.9948 152.2786 137.9796 125.0505 113.4125 102.9693 93.6167 85.2499 77.7677 71.0753 65.0855 59.7191 54.9053 50.5809 46.6898 43.1826 40.0158 37.1511 34.5548 32.1973 30.0527 28.0981 26.3133 24.6807 23.1847 21.8113 20.5484 19.3852
201.4532 211.6083 222.2589 233.4147 245.0739 257.2176 269.8008 282.7428 295.9152 309.1281 322.1171 334.5327 345.936 355.8055 363.5606 368.6051 370.3907 368.4931 362.6865 352.998 339.724 323.4009 304.7372 284.522 263.5342 242.47 221.8982 202.2426 183.7877 166.6972 151.0385 136.8082 123.954 112.3933 102.027 92.749 84.4532 77.0377 70.4073 64.4745 59.1605 54.3945 50.1135 46.2619 42.7905 39.6561 36.8207 34.2509 31.9174 29.7945 27.8596 26.0927 24.4763 22.9949 21.6349 20.3842 19.2321
198.9682 209.2058 219.9536 231.2222 243.0112 255.3024 268.0515 281.1776 294.551 307.9788 321.1917 333.8324 345.4511 355.513 363.4222 368.5676 370.3887 368.455 362.5432 352.6915 339.2155 322.6748 303.801 283.402 262.2693 241.1049 220.4769 200.8049 182.3664 165.3176 149.7186 135.5597 122.7834 111.3034 101.0173 91.8172 83.5956 76.2498 69.6842 63.8114 58.5524 53.8367 49.6016 45.7917 42.3581 39.2581 36.4538 33.9123 31.6045 29.5049 27.591 25.8433 24.2444 22.7789 21.4333 20.1958 19.0557
196.4099 206.7298 217.575 228.9576 240.8782 253.3197 266.2386 279.5541 293.135 306.7857 320.2317 333.1075 344.9521 355.2162 363.2878 368.5395 370.3977 368.4252 362.4007 352.3747 338.683 321.9102 302.8122 282.2172 260.9299 239.6581 218.9695 199.2787 180.8562 163.8499 148.3126 134.2277 121.5326 110.1364 99.934 90.8153 82.6714 75.3988 68.9013 63.0915 57.8905 53.2279 49.0412 45.2755 41.8821 38.8186 36.0476 33.5362 31.2558 29.1811 27.2899 25.5629 23.9827 22.5344 21.2045 19.9813 18.8543
193.7615 204.1624 215.1044 226.6009 238.6541 251.248 264.3399 277.8492 291.6437 305.525 319.2132 332.3344 344.4158 354.8929 363.1363 368.5008 370.3988 368.3854 362.2415 352.0304 338.1096 321.0902 301.7543 280.9514 259.5002 238.1144 217.3613 197.6503 179.2441 162.2823 146.8095 132.8021 120.1919 108.8838 98.7693 89.7361 81.6739 74.4783 68.0527 62.3095 57.1698 52.5634 48.4282 44.7093 41.3588 38.3342 35.5986 33.1195 30.8685 28.8206 26.9538 25.249 23.6892 22.2594 20.9465 19.7389 18.6261
191.0093 201.4892 212.5266 224.1364 236.3223 249.0698 262.3374 276.0446 290.0584 304.1778 318.1174 331.4949 343.8249 354.5267 362.9521 368.4373 370.3785 368.3227 362.0528 351.6456 337.4817 320.2007 300.6125 279.5894 257.9649 236.459 215.638 195.9059 177.5172 160.6024 145.1976 131.2721 118.7515 107.5363 97.5146 88.5718 80.5959 73.4818 67.1324 61.4597 56.3851 51.8385 47.758 44.0892 40.7843 37.8014 35.1037 32.6592 30.4398 28.4206 26.5802 24.8994 23.3615 21.9519 20.6574 19.4667 18.3695
188.2005 198.7598 209.8938 221.619 233.9409 246.8466 260.2958 274.2086 288.4514 302.8203 317.0246 330.6727 343.266 354.2063 362.8248 368.437 370.4217 368.3164 361.906 351.2822 336.851 319.2827 299.4178 278.1534 256.3386 234.7 213.8032 194.0456 175.6728 158.8059 143.4718 129.6318 117.2053 106.0878 96.1638 87.3163 79.4318 72.404 66.1352 60.5375 55.532 51.049 47.0268 43.4114 40.1553 37.2169 34.56 32.1526 29.9671 27.9789 26.1668 24.512 22.9979 21.61 20.3355 19.1632 18.0829
185.2403 195.8742 207.1004 218.9374 231.3925 244.4548 258.0855 272.2056 286.6812 301.3059 315.7836 329.7136 342.5832 353.7759 362.601 368.3512 370.3862 368.2327 361.6775 350.8275 336.1158 318.2461 298.0914 276.5748 254.5622 232.7871 211.8136 192.0325 173.6799 156.8664 141.6093 127.8618 115.5364 104.5236 94.7044 85.9589 78.1719 71.2363 65.0537 59.536 54.6045 50.1896 46.2299 42.6717 39.4679 36.5774 33.9642 31.5968 29.4478 27.4931 25.7116 24.0847 22.5963 21.2321 19.9793 18.8269 17.765
182.2084 192.9162 204.2348 216.1847 228.7755 241.9984 255.8163 270.1515 284.87 299.7631 314.5293 328.7581 341.9219 353.3841 362.4298 368.3266 370.413 368.2032 361.4858 350.3848 335.363 317.1608 296.687 274.8933 252.6636 230.7384 209.6802 189.8722 171.5397 154.7824 139.607 125.9577 113.74 102.8387 93.131 84.4942 76.8113 69.974 63.8835 58.4513 53.5989 49.2568 45.3639 41.867 38.7194 35.8803 33.314 30.9896 28.88 26.9613 25.2127 23.6162 22.1555 20.8168 19.5875 18.4567 17.4148
179.023 189.7992 201.2053 213.2641 225.9876 239.3693 253.3745 267.9272 282.8936 298.0633 313.1294 327.6715 341.1464 352.8959 362.1792 368.2359 370.3806 368.1138 361.2249 349.8564 334.5036 315.9467 295.1332 273.0457 250.5874 228.5059 207.3615 187.5288 169.2218 152.5278 137.4425 123.9004 111.7996 101.019 91.4316 82.9118 75.341 68.6093 62.6177 57.2775 52.51 48.2461 44.4251 40.9941 37.9068 35.1229 32.6072 30.3291 28.2617 26.3818 24.6689 23.105 21.6744 20.3632 19.1593 18.0519 17.0316
175.7399 186.582 198.0739 210.241 223.0978 236.6407 250.8378 265.6151 280.8397 296.2994 311.6823 326.5574 340.365 352.4235 361.9627 368.1915 370.3973 368.0646 360.984 349.3181 333.5985 314.6498 293.4625 271.0532 248.3454 226.0944 204.8573 184.999 166.7206 150.096 135.1087 121.6829 109.7084 99.058 89.6002 81.2065 73.756 67.138 61.2527 56.0111 51.3348 47.1548 43.411 40.0508 37.0283 34.3037 31.8423 29.6139 27.5921 25.754 24.0793 22.5506 21.1523 19.8708 18.6943 17.6122 16.6151
172.3166 183.2192 194.7923 207.064 220.0518 233.7553 248.146 263.1523 278.6429 294.4046 310.1203 325.3486 339.5119 351.9029 361.7196 368.1361 370.4091 368.0046 360.7137 348.7217 332.6004 313.2239 291.6304 268.8733 245.8983 223.4681 202.1355 182.2544 164.0114 147.4657 132.5874 119.2896 107.4532 96.9447 87.6276 79.3703 72.05 65.5546 59.7837 54.6484 50.0702 45.9805 42.3196 39.0353 36.0824 33.4215 31.0185 28.8435 26.8706 25.0773 23.4438 21.9528 20.5892 19.3397 18.1926 17.1376 16.1657
168.7222 179.6775 191.3247 203.6948 216.8086 230.6697 245.2531 260.491 276.2539 292.3286 308.3932 323.9957 338.5395 351.2899 361.4091 368.0323 370.3811 367.9002 360.3808 348.0329 331.4736 311.6322 289.5996 266.4696 243.2114 220.5947 199.1671 179.2693 161.072 144.6179 129.8625 116.707 105.0229 94.6697 85.5061 77.3971 70.2178 63.8549 58.2077 53.1868 48.7142 44.7216 41.1497 37.9471 35.0688 32.4763 30.1357 28.018 26.0975 24.3522 22.7627 21.3122 19.9857 18.7704 17.6549 16.629 15.6839
164.9999 176.0025 187.7192 200.1841 213.4221 227.4409 242.2202 257.6963 273.7428 290.1468 306.5824 322.5863 337.5419 350.6835 361.1335 367.9827 370.4123 367.842 360.0631 347.314 330.2638 309.9044 287.3861 263.8474 240.2824 217.4674 195.9426 176.0336 157.8921 141.543 126.9257 113.928 102.4116 92.2285 83.2321 75.2841 68.2575 62.0378 56.5237 51.6261 47.2669 43.3785 39.9021 36.7867 33.9884 31.4689 29.1951 27.1385 25.2739 23.5799 22.0374 20.6299 19.3431 18.1643 17.0823 16.0874 15.171
161.0719 172.1105 183.8859 196.4358 209.7895 223.9597 238.9314 254.6461 270.9818 287.7269 304.5524 320.9838 336.3831 349.9512 360.7658 367.8668 370.3893 367.7235 359.6602 346.4702 328.8813 307.9568 284.9132 260.9378 237.051 214.0345 192.4188 172.5114 154.4431 138.2183 123.7589 110.9389 99.6088 89.6131 80.8 73.0275 66.1666 60.1019 54.7315 49.9664 45.729 41.9523 38.578 35.556 32.8429 30.4012 28.1986 26.207 24.4019 22.7623 21.2697 19.908 18.6633 17.5231 16.4768 15.5148 14.6287
156.9776 168.0428 179.8682 192.4956 205.9592 220.2772 235.4411 251.399 268.0342 285.1381 302.3789 319.2714 335.1544 349.1913 360.4092 367.7896 370.4134 367.6366 359.2493 345.5602 327.3659 305.8116 282.189 257.739 233.5093 210.2851 188.5842 168.6921 150.7157 134.6365 120.3571 107.7361 96.6127 86.8232 78.2104 70.6287 63.9473 58.0496 52.8338 48.2108 44.1038 40.4462 37.1808 34.2581 31.6356 29.2766 27.1494 25.2266 23.4844 21.9024 20.4625 19.1492 17.9488 16.8495 15.8408 14.9134 14.0593
152.6521 163.7291 175.59 188.2813 201.8425 216.2985 231.6484 247.8481 264.7883 282.2647 299.9448 317.3322 333.7417 348.2953 359.9625 367.6574 370.3976 367.4988 358.7501 344.5044 325.6387 303.3921 279.1413 254.1856 229.6004 206.1718 184.4004 164.546 146.6876 130.7815 116.7092 104.3127 93.4195 83.8573 75.4636 68.0895 61.6022 55.8845 50.8345 46.3636 42.3956 38.8648 35.715 32.8975 30.3709 28.0991 26.0515 24.2012 22.5253 21.0037 19.6193 18.3567 17.203 16.1465 15.1771 14.286 13.4655
148.1888 159.2681 171.1559 183.9033 197.5558 212.1456 227.6799 244.1236 261.3757 279.2375 297.3761 315.2848 332.2526 347.3573 359.5056 367.5376 370.4018 367.3705 358.234 343.3972 323.8266 300.8647 275.977 250.5222 225.5998 201.9921 180.1782 160.3889 142.673 126.9605 113.1114 100.9518 90.2974 80.9684 72.7971 65.6321 59.3389 53.8003 48.9142 44.5931 40.7614 37.3546 34.3173 31.6021 29.1682 26.9808 25.0098 23.2293 21.617 20.1535 18.8221 17.6081 16.4988 15.4831 14.5513 13.6948 12.9061
144.1748 155.2904 167.2415 180.0833 193.8656 208.6251 224.3736 241.08 258.6457 276.8714 295.4183 313.7663 331.1806 346.7049 359.2024 367.4679 370.414 367.2992 357.9307 342.7589 322.8126 299.4955 274.319 248.665 223.6363 200.0044 178.2307 158.5268 140.9249 125.3413 111.626 99.5985 89.0702 79.8587 71.7953 64.7282 58.5233 53.0637 48.2482 43.9899 40.2141 36.857 33.8639 31.188 28.7891 26.6329 24.6898 22.9342 21.3442 19.9007 18.5873 17.3895 16.2948 15.2923 14.3725 13.5269 12.7481
139.9931 151.134 163.1386 176.0661 189.971 204.8954 220.8561 237.8269 255.7124 274.3136 293.2864 312.097 329.9861 345.9602 358.8351 367.3553 370.3927 367.1895 357.5706 342.0358 321.6822 297.9801 272.4906 246.6207 221.4762 197.8168 176.0847 156.4712 138.9903 123.5438 109.9713 98.085 87.6917 78.6066 70.6595 63.6982 57.5889 52.2152 47.4767 43.2872 39.5728 36.2705 33.3263 30.6941 28.3342 26.213 24.3011 22.5737 21.009 19.5883 18.2954 17.1162 16.0384 15.0513 14.1454 13.3125 12.5453
135.6644 146.8207 158.8696 171.875 185.8968 200.9826 217.1555 234.395 252.6099 271.6026 291.024 310.3269 328.7258 345.1864 358.4718 367.2699 370.4056 367.1017 357.2015 341.2604 320.4512 296.3188 270.4789 244.3662 219.0895 195.3949 173.7036 154.1846 136.832 121.5322 108.113 96.3789 86.1317 77.1836 69.3631 62.5174 56.5128 51.2336 46.5799 42.4665 38.8203 35.579 32.6895 30.1063 27.7904 25.7086 23.8324 22.1369 20.6011 19.2066 17.9374 16.7798 15.7215 14.7523 13.8627 13.0448 12.2913
131.1441 142.301 154.38 167.4503 181.5775 196.8159 213.1954 230.7025 249.2519 268.6483 288.5394 308.3645 327.3105 344.2994 358.0354 367.1415 370.3884 366.9747 356.7633 340.3708 319.0553 294.4449 268.2162 241.8342 216.4105 192.6761 171.0285 151.6123 134.3998 119.2602 106.009 94.4417 84.355 75.5578 67.8768 61.1589 55.2705 50.0962 45.5372 41.5089 37.9391 34.7665 31.9387 29.4109 27.1449 25.1081 23.2724 21.6137 20.1112 18.7468 17.5051 16.3724 15.337 14.3886 13.5182 12.7178 11.9806
126.4405 137.5823 149.6764 162.7978 177.0184 192.3999 208.9805 226.755 245.6455 265.4612 285.8479 306.2318 325.771 343.3392 357.5739 367.0231 370.3934 366.8533 356.2865 339.3792 317.4871 292.3335 265.664 238.9769 213.3865 189.6057 168.0055 148.7025 131.6449 116.6827 103.6176 92.2356 82.3272 73.6978 66.1724 59.5973 53.8388 48.7822 44.3295 40.397 36.9135 33.8186 31.0606 28.5959 26.3868 24.4014 22.6122 20.9956 19.5313 18.2017 16.9917 15.888 14.8792 13.9551 13.1071 12.3273 11.6091
121.5292 132.6363 144.7265 157.8807 172.1781 187.6888 204.4606 222.4986 241.7343 261.984 282.8936 303.8775 324.0635 342.2719 357.0643 366.9007 370.4106 366.7247 355.7487 338.2493 315.6957 289.9215 262.7508 235.7194 209.9426 186.1121 164.5676 145.394 128.5121 113.7504 100.8951 89.7217 80.014 71.5735 64.2233 57.8089 52.1969 47.2731 42.9405 39.1163 35.7305 32.7236 30.0451 27.6521 25.5078 23.581 21.845 20.2766 18.8562 17.5667 16.3932 15.323 14.3448 13.449 12.6269 11.8711 11.175
116.3737 127.4212 139.4822 152.6445 166.9953 182.6143 199.5605 217.8514 237.4314 258.1266 279.5863 301.2151 322.1098 341.0317 356.4548 366.7347 370.4071 366.5543 355.1056 336.9224 313.6074 287.1233 259.385 231.9691 205.9901 182.1131 160.6409 141.6214 124.9444 110.414 97.7992 86.8639 77.3846 69.1586 62.0069 55.7746 50.3284 45.5549 41.3582 37.6566 34.3815 31.4744 28.8859 26.5742 24.5035 22.6433 20.9677 19.4544 18.084 16.8402 15.7084 14.6765 13.7334 12.8699 12.0776 11.3493 10.6788
110.9524 121.91 133.9112 147.0508 161.4252 177.125 194.2224 212.7503 232.6692 253.8197 275.8589 298.1846 319.8623 339.5875 355.7322 366.5265 370.3895 366.3416 354.3386 335.3549 311.1546 283.8537 255.472 227.6302 201.4379 177.5259 156.1525 137.3225 120.8892 106.6299 94.294 83.6329 74.4152 66.4339 59.5083 53.4825 48.224 43.6206 39.5773 36.0142 32.8638 30.0691 27.5822 25.3621 23.3743 21.5892 19.9818 18.5304 17.2165 16.0242 14.9396 13.9509 13.0476 12.2206 11.4621 10.7651 10.1235
105.2533 116.0862 127.9914 141.0717 155.4335 171.18 188.3992 207.1425 227.3913 249.0066 271.6591 294.7442 317.2963 337.9374 354.9187 366.3161 370.4027 366.1189 353.4514 333.5152 308.2728 280.025 250.9131 222.6042 196.1949 172.2712 151.0363 132.4435 116.3046 102.3658 90.3556 80.0114 71.0941 63.3921 56.723 50.9309 45.8843 41.472 37.601 34.1929 31.182 28.5131 26.1394 24.0215 22.1261 20.4247 18.8932 17.5108 16.2598 15.1248 14.0928 13.1523 12.2932 11.5071 10.7862 10.1241 9.5148
99.6062 110.3094 122.1152 135.1346 149.4842 165.28 182.6253 201.5899 222.1748 244.2597 267.5272 291.3688 314.7859 336.3267 354.1232 366.103 370.4037 365.9012 352.6285 331.848 305.7131 276.6897 247.0159 218.384 191.8664 168.0007 146.9382 128.5871 112.7248 99.0734 87.3456 77.2696 68.6011 61.1268 54.6638 49.0572 44.1766 39.9128 36.1743 32.8845 29.9792 27.4047 25.1156 23.0736 21.2464 19.6064 18.1304 16.7982 15.5927 14.4993 13.505 12.599 11.7716 11.0146 10.3205 9.6831 9.0967
94.168 104.7534 116.4746 129.4515 143.811 159.6813 177.1797 196.3913 217.333 239.8973 263.7723 288.339 312.5626 334.9199 353.4367 365.9169 370.3972 365.7212 351.9836 330.5834 303.8285 274.3037 244.3042 215.5244 189.0058 165.2441 144.3505 126.2016 110.5524 97.1106 85.5806 75.6863 67.1818 59.8539 53.5205 48.0282 43.2481 39.0726 35.4117 32.1901 29.345 26.8234 24.5811 22.5806 20.7903 19.1832 17.7365 16.4307 15.2489 14.1768 13.2019 12.3134 11.502 10.7596 10.0789 9.4537 8.8787
88.5337 98.9681 110.5707 123.4707 137.8064 153.7195 171.3434 190.7816 212.07 235.1191 259.6269 284.9677 310.0704 333.3342 352.6629 365.7142 370.4004 365.5213 351.24 329.1133 301.6307 271.5149 241.1272 212.1643 185.6322 161.9783 141.2683 123.3429 107.9316 94.7257 83.4196 73.7324 65.416 58.257 52.0742 46.7156 42.0538 37.9829 34.4146 31.2749 28.5024 26.0453 23.8605 21.9113 20.1668 18.6009 17.1913 15.9189 14.7674 13.7228 12.773 11.9075 11.1171 10.394 9.7312 9.1226 8.5628
82.6795 92.9223 104.3633 117.1419 131.4089 147.3212 165.0306 184.6622 206.2766 229.8078 254.9713 281.1407 307.2106 331.4954 351.7571 365.4754 370.405 365.2829 350.3487 327.3483 298.9897 268.1619 237.3046 208.1158 181.559 158.0241 137.5236 119.8557 104.7203 91.7892 80.7453 71.3017 63.2077 56.2494 50.2463 45.048 40.5289 36.5849 33.1293 30.09 27.4069 25.0298 22.9165 21.0314 19.3447 17.8309 16.4685 15.2389 14.1265 13.1175 12.2003 11.3648 10.6021 9.9045 9.2653 8.6787 8.1395
76.5772 86.5779 97.8031 110.4027 124.5412 140.3923 158.1294 177.9037 199.8064 223.8044 249.6408 276.6988 303.8438 329.2981 350.6557 365.1736 370.3997 364.9802 349.2419 325.1652 295.7314 264.0351 232.6093 203.1507 176.5677 153.1796 132.9334 115.5769 100.7742 88.1742 77.4466 68.2969 60.4716 53.7561 47.9712 42.9678 38.6228 34.8338 31.5166 28.6008 26.0281 23.75 21.7255 19.9205 18.306 16.8577 15.5547 14.3793 13.3162 12.3526 11.4771 10.6799 9.9527 9.288 8.6794 8.1213 7.6087
70.2037 79.9006 90.842 103.1892 117.1209 132.8299 150.514 170.3564 192.4877 216.9193 243.4376 271.4514 299.8068 326.627 349.3035 364.8057 370.4019 364.6047 347.8469 322.4132 291.6387 258.8774 226.7726 197.0099 170.4221 147.2367 127.3192 110.3556 95.9673 83.7764 73.4371 64.6471 57.1495 50.7299 45.2102 40.444 36.3104 32.71 29.561 26.7955 24.3575 22.2 20.2841 18.577 17.051 15.683 14.453 13.3442 12.3421 11.4344 10.6104 9.8608 9.1776 8.5537 7.9832 7.4605 6.9811
63.9831 73.3635 84.0078 96.0892 109.8017 125.3577 142.9807 162.8858 185.2428 210.1072 237.3071 266.2748 295.8346 324.0082 347.9823 364.4434 370.3957 364.2484 346.5707 319.9609 288.0845 254.5101 221.9487 192.0484 165.5595 142.6236 123.0366 106.4351 92.4094 80.5636 70.5426 62.0405 54.8003 48.6091 43.2912 38.7028 34.726 31.264 28.2372 25.58 23.238 21.1661 19.3266 17.688 16.2237 14.9112 13.7315 12.6684 11.7081 10.8385 10.0495 9.3321 8.6786 8.0823 7.5373 7.0385 6.5813
57.9614 67.017 77.3553 89.1624 102.6486 118.0472 135.6074 155.5769 178.1639 203.4662 231.3504 261.2682 292.0174 321.5146 346.743 364.1167 370.4012 363.9362 345.4514 317.853 285.0993 250.9262 218.0762 188.1451 161.8029 139.1169 119.8269 103.533 89.8037 78.2319 68.4579 60.1749 53.1274 47.1046 41.9336 37.4733 33.6081 30.2437 27.3024 24.7203 22.4446 20.4313 18.644 17.0518 15.6292 14.3542 13.2084 12.1761 11.2438 10.4 9.6345 8.9389 8.3056 7.7281 7.2005 6.718 6.2761
51.8158 60.4849 70.4465 81.8996 95.0713 110.2171 127.6154 147.5515 170.2807 195.9564 224.5022 255.4103 287.4686 318.4873 345.21 363.7026 370.4032 363.533 344.0091 315.1284 281.2278 246.2595 213.0081 183.0045 156.8186 134.4245 115.492 99.5746 86.213 74.9852 65.5246 57.5229 50.7252 44.9231 39.9467 35.6578 31.9438 28.7129 25.8898 23.4127 21.2305 19.3009 17.5887 16.0643 14.703 13.4838 12.3889 11.4032 10.5138 9.7095 8.9807 8.3192 7.7176 7.1697 6.6701 6.2137 5.7965
45.5398 53.7465 63.2417 74.2362 86.9739 101.7333 118.8248 138.5774 161.3052 187.2363 216.3795 248.3031 281.8188 314.638 343.2158 363.15 370.4008 362.9838 342.0487 311.4267 275.9759 239.9407 206.1556 176.0583 150.0812 128.0741 109.6145 94.1949 81.3202 70.5486 61.5051 53.8787 47.4159 41.911 37.1978 33.1418 29.6342 26.5865 23.9265 21.5949 19.5432 17.731 16.1246 14.6962 13.4221 12.2825 11.2606 10.342 9.5145 8.7674 8.0919 7.4798 6.9245 6.4199 5.9608 5.5427 5.1613
39.6407 47.3835 56.4062 66.9318 79.2215 93.5777 110.3436 129.893 152.599 178.7643 208.4821 241.3955 276.3379 310.9193 341.3043 362.6281 370.4004 362.4855 340.3151 308.2521 271.6131 234.8527 200.7976 170.7717 145.0781 123.462 105.4302 90.4333 77.9537 67.5402 58.8148 51.4683 45.25 39.9583 35.4309 31.5371 28.1714 25.2482 22.698 20.4636 18.4982 16.763 15.2257 13.8595 12.6418 11.5534 10.5782 9.7024 8.9143 8.2036 7.5617 6.9809 6.4548 5.9774 5.5438 5.1495 4.7907
34.0575 41.3206 49.8453 59.8661 71.661 85.5563 101.9289 121.1987 143.8019 170.1217 200.3464 234.2089 270.5809 306.9803 339.267 362.0702 370.3995 361.9581 338.502 304.9756 267.1689 229.7298 195.4531 165.5346 140.1436 118.9228 101.3129 86.7265 74.6268 64.5549 56.1317 49.0501 43.063 37.9727 33.6209 29.8807 26.6497 23.8452 21.3999 19.2588 17.3768 15.7165 14.2469 12.9421 11.7803 10.7433 9.8154 8.9833 8.2358 7.5629 6.9563 6.4087 5.9137 5.4657 5.0598 4.6917 4.3577
28.6321 35.3587 43.3058 52.7156 63.8789 77.1429 92.9165 111.6688 133.9087 160.1236 190.6388 225.3426 263.2246 301.7651 336.4772 361.2843 370.4 361.1836 335.8057 300.0685 260.4797 221.9824 187.3269 157.5214 132.5393 111.8739 94.8683 80.8782 69.3375 59.7745 51.8069 45.1293 39.4988 34.723 30.6487 27.1538 24.1404 21.5296 19.2574 17.2719 15.5302 13.997 12.6431 11.4441 10.3795 9.4319 8.5867 7.8313 7.1551 6.5488 6.0045 5.5152 5.0749 4.6783 4.3208 3.9983 3.7073
24.0798 30.3572 37.8146 46.7011 57.3201 70.0387 85.2965 103.6084 125.5491 151.6965 182.492 217.9495 257.1451 297.5079 334.2385 360.6685 370.4006 360.618 333.923 296.8017 256.2333 217.2818 182.5981 153.0312 128.4197 108.1676 91.5675 77.9505 66.7413 57.4671 49.7487 43.285 37.8383 33.2205 29.2826 25.9061 22.996 20.4759 18.2839 16.3697 14.6919 13.2164 11.9148 10.7634 9.7425 8.8353 8.0274 7.3067 6.6629 6.0868 5.5709 5.1083 4.6931 4.3202 3.985 3.6836 3.4125
20.1176 25.9766 32.9553 41.3031 51.3275 63.4064 78.0011 95.6644 117.0346 142.7904 173.5215 209.4349 249.7985 292.1003 331.2507 359.8073 370.4003 359.7684 331.0232 291.6578 249.407 209.5657 174.666 145.3293 121.1917 101.5168 85.5128 72.4662 61.7809 52.9773 45.6765 39.5816 34.4598 30.1287 26.4445 23.2933 20.5843 18.2446 16.2154 14.4487 12.9052 11.5527 10.3641 9.3171 8.3929 7.5754 6.8512 6.2087 5.6381 5.1306 4.679 4.2768 3.9183 3.5988 3.3138 3.0597 2.8329
17.4312 23.0874 29.8178 37.8693 47.5498 59.242 73.4194 90.6583 111.6381 137.1045 167.7476 203.9079 244.9905 288.5373 329.275 359.2387 370.3999 359.2223 329.2025 288.512 245.3398 205.0764 170.1442 141.0112 117.1913 97.8705 82.2146 69.4896 59.0921 50.5419 43.4626 37.5609 32.608 28.4253 24.8721 21.8374 19.2328 16.9873 15.0436 13.3551 11.8836 10.5977 9.471 8.4818 7.6117 6.8451 6.1687 5.5713 5.0432 4.5759 4.1622 3.7958 3.4713 3.1837 2.9288 2.7029 2.5028
